2023-07-12T17:11:24Z
 
Index TimeTaken
1423 135.0638
1881 168.4959
2540 168.6728
914 168.8403
2618 169.0071
492 169.1628
409 169.1908
1000409 169.356
1715 169.5509
3200 169.6953
1276 169.8738
1079 170.0407
3176 170.2248
217 170.2524
1000217 170.373
960 170.6279
3196 170.8285
1837 170.9744
3128 171.1726
2967 171.3395
3521 171.3673
1003521 171.5295
3323 171.7223
387 171.8957
3134 172.0727
2878 172.2629
823 172.4533
2483 172.4876
1002483 172.6985
1894 173.373
2195 173.9953
1670 174.4838
1489 175.1949
1988 176.0063
999999999 176.9065
