2023-06-28T12:08:18Z
 
Index Time Taken
492 888.0879
409 910.246
1715 915.6682
3200 928.0789
1276 941.2457
1079 954.6271
3176 961.9861
217 965.5635
960 969.5425
3196 972.9666
1837 972.9777
1001837 976.0118
3128 982.0885
2967 990.6441
3521 999.0002
3323 1013.921
387 1017.823
3134 1025.667
2878 1034.543
823 1037.443
2483 1044.525
1894 1044.536
1001894 1048.404
2195 1054.207
1670 1057.58
1489 1062.925
1988 1067.247
1423 1071.029
1881 1073.187
2540 1077.625
914 1083.779
2618 1090.464
999999999 1094.32
 
