2023-07-12T17:16:16Z
 
Index TimeTaken
1079 24.74323
3176 39.99145
217 40.15038
960 40.30365
3196 40.45868
1837 40.60335
3128 40.62934
1003128 40.7361
2967 40.88221
3521 41.04763
3323 41.18064
387 41.33611
3134 41.49209
2878 41.51849
1002878 41.66986
823 41.81437
2483 41.98544
1894 42.15866
2195 42.30356
1670 42.46992
1489 42.49676
1001489 42.59157
1988 42.76978
1423 42.91397
1881 43.05006
2540 43.21576
914 43.38178
2618 43.40763
1002618 43.68117
492 43.87036
409 44.05835
1715 44.24688
3200 44.50387
1276 45.05874
999999999 45.77014
