2023-06-28T12:23:39Z
 
Index Time Taken
1837 251.2043
3128 274.6148
2967 280.1577
3521 285.6069
3323 291.817
387 297.7069
3134 304.2768
2878 312.8398
823 318.8289
2483 324.3129
1894 324.3228
1001894 327.9994
2195 334.3533
1670 340.8578
1489 347.8047
1988 353.1208
1423 359.1983
1881 365.2563
2540 371.5881
914 378.5241
2618 385.0666
492 385.076
1000492 388.3647
409 393.6906
1715 398.5282
3200 404.403
1276 409.9936
1079 416.5376
3176 421.931
217 427.7352
960 433.0067
3196 437.5832
999999999 443.0056
 
