2023-05-29T17:05:39Z
 
Time Taken
280.0007
293.1407
301.2069
311.9435
324.5397
337.5858
348.4409
357.1462
360.3051
365.561
365.5722
365.5867
365.599
365.6068
365.6175
365.6289
365.6388
365.6508
365.661
365.6725
365.6836
365.6946
365.7076
365.72
365.7279
365.7397
365.7511
365.7616
365.7725
365.7837
365.7946
365.8064
365.8168
365.8285
365.8397
365.8506
365.8616
365.8728
365.8838
365.8948
365.9059
365.9167
365.928
365.94
365.9509
365.9617
365.9724
365.9834
365.9943
366.0067
366.0201
366.0304
366.0392
366.0505
366.0611
366.0719
366.0829
366.0953
366.1063
366.1173
366.1282
366.1391
366.1505
366.1614
366.1728
366.1833
366.1943
366.2063
366.218
366.2279
366.2394
366.2505
366.2611
366.2721
366.2834
366.2943
366.3053
366.3175
366.3284
366.3393
366.3504
366.3613
366.3721
366.383
366.394
366.4062
366.4171
366.4278
366.4391
366.4501
366.4626
366.4717
366.4833
366.4943
366.5052
366.5172
366.5278
366.54
366.5501
366.561
366.5721
366.5831
366.5941
366.6053
366.6179
366.628
366.6388
366.6503
366.6608
366.6718
366.6827
366.6938
366.7059
366.7168
366.7283
366.7391
366.7498
366.7607
366.7718
366.7827
366.7937
366.8062
366.8167
366.8278
366.8388
366.8499
366.8607
366.8715
366.8838
366.8944
366.9057
366.9165
366.9275
366.9386
366.9497
366.9606
366.9716
366.9838
366.9939
367.0058
367.0166
367.0277
367.0387
367.0495
367.0605
367.0719
367.0837
367.0948
367.1057
367.1165
367.1277
367.1386
367.1497
367.1608
367.1718
367.184
367.1948
367.206
367.2173
367.2278
367.2391
367.2502
367.261
367.2719
367.284
367.2951
367.306
367.3169
367.3284
367.3397
367.35
367.3609
367.3719
367.3839
367.3947
367.406
367.417
367.4278
367.4391
367.4499
367.461
367.4717
367.4839
367.4948
367.5061
367.5171
367.5281
367.5397
367.5503
367.561
367.5724
367.5843
367.5954
367.6064
367.6174
367.6287
367.639
367.65
367.6622
367.6726
367.6843
367.6952
367.7063
367.7172
367.7281
367.739
367.75
367.761
367.772
367.7838
367.7951
367.806
367.8171
367.8279
367.8391
367.8505
367.8615
367.8717
367.8833
367.8948
367.9059
367.9169
367.9289
367.9387
367.9499
367.9612
367.9724
367.9832
367.9942
368.0066
368.0172
368.0284
368.0395
368.0504
368.0613
368.0722
368.0835
368.094
368.1064
368.1172
368.1284
368.139
368.15
368.1611
368.1722
368.183
368.1953
368.2062
368.2169
368.2282
368.2391
368.2501
368.261
368.2722
368.2829
368.2942
368.3062
368.317
368.3285
368.3391
368.3501
368.361
368.3737
368.383
368.3957
368.4063
368.4172
368.4283
368.4394
368.4502
368.4614
368.4723
368.483
368.4951
368.5064
368.5172
368.5281
368.5396
368.5498
368.5612
368.5722
368.5842
368.5939
368.6066
368.6172
368.6281
368.6396
368.6501
368.6612
368.6722
368.6833
368.6944
368.7058
368.7172
368.7282
368.7393
368.7502
368.7611
368.7726
368.7833
368.7944
368.8057
368.8173
368.8282
368.8395
368.8503
368.8611
368.8724
368.8829
368.8943
368.9052
368.9172
368.9282
368.9405
368.9498
368.9612
368.9724
368.9831
368.9941
369.0055
369.0181
369.028
369.0393
369.05
369.0609
369.0723
369.0831
369.0946
369.1054
369.1173
369.1288
369.1393
369.1507
369.1611
369.1724
369.183
369.1942
369.2055
369.2173
369.2282
369.2397
369.2504
369.2611
369.2723
369.2837
369.2943
369.3055
369.3173
369.3284
369.3394
369.3503
369.3617
369.3726
369.3834
369.3944
369.4056
369.4163
369.4275
369.4405
369.4504
369.4616
369.473
369.4836
369.4947
369.5059
369.5164
369.5274
369.5386
369.5507
369.5612
369.5719
369.5829
369.595
369.6061
369.617
369.6295
369.6391
369.65
369.661
369.672
369.6828
369.6952
369.7062
369.7166
369.7277
369.7384
369.7503
369.7614
369.7734
369.7837
369.7946
369.8058
369.8174
369.8277
369.8393
369.8505
369.861
369.8722
369.8839
369.8955
369.9058
369.9168
369.9277
369.9389
369.9497
369.9607
369.9719
369.9831
369.9939
370.0061
370.0169
370.028
370.0386
370.0496
370.0897
370.0988
370.1067
370.1172
370.1287
370.1392
370.1502
370.1614
370.1721
370.183
370.194
370.2061
370.2168
370.228
370.2397
370.2506
370.3009
370.3099
370.3172
370.328
370.3392
370.3501
370.3615
370.3715
370.3827
370.395
370.4058
370.4168
370.4278
370.4393
370.4501
370.461
370.4725
370.4832
370.494
370.5052
370.5172
370.528
370.5392
370.5503
370.5614
370.5724
370.5836
370.5943
370.6054
370.6162
370.6286
370.6392
370.6508
370.6616
370.6727
370.6858
370.6966
370.7053
370.7163
370.7273
370.7387
370.7497
370.7617
370.7727
370.7834
370.7941
370.8052
370.8166
370.8282
370.8393
370.8511
370.8611
370.8727
370.8838
370.8948
370.9056
370.9165
370.9276
370.9386
370.9497
370.9616
370.973
370.9837
370.9946
371.0059
371.0165
371.0275
371.0388
371.0499
371.0609
371.0718
371.0833
371.0948
371.1059
371.1171
371.1278
371.1393
371.1502
371.1607
371.1721
371.183
371.1949
371.2061
371.2169
371.2278
371.2392
371.2499
371.2611
371.272
371.2831
371.295
371.3062
371.3168
371.3279
371.3397
371.3507
371.3613
371.3726
371.3842
371.3946
371.4064
371.4174
371.4295
371.4398
371.4509
371.4626
371.4732
371.4827
371.4952
371.5064
371.5166
371.5278
371.5392
371.5498
371.561
371.5718
371.5831
371.5948
371.606
371.6169
371.6278
371.6387
371.65
371.6609
371.6723
371.6833
371.695
371.7054
371.7162
371.7276
371.7396
371.7503
371.7614
371.7724
371.7831
371.7943
371.8055
371.8164
371.828
371.8391
371.8514
371.861
371.8722
371.8831
371.8941
371.9059
371.9168
371.9281
371.9387
371.9497
371.9613
371.9719
371.9832
371.9944
372.0053
372.0168
372.0281
372.0388
372.0499
372.0613
372.0721
372.0831
372.0944
372.1052
372.1169
372.1282
372.139
372.15
372.1615
372.1722
372.1835
372.1946
372.2055
372.2162
372.2274
372.2392
372.2503
372.2614
372.272
372.2836
372.2943
372.3053
372.3164
372.3274
372.3385
372.3503
372.363
372.3719
372.3832
372.3942
372.4051
372.4161
372.4283
372.4391
372.45
372.4612
372.4729
372.4834
372.4948
372.5059
372.5168
372.5278
372.5387
372.55
372.5609
372.5717
372.5827
372.595
372.6064
372.6171
372.6281
372.6391
372.6501
372.6616
372.6728
372.684
372.6954
372.7061
372.717
372.7286
372.74
372.7508
372.7629
372.7737
372.7843
372.7967
372.8073
372.8183
372.8295
372.8403
372.8514
372.864
372.8741
372.8851
372.8965
372.9084
372.9192
372.9302
372.9413
372.9519
372.963
372.9741
372.9859
372.9973
373.0082
373.0188
373.0294
373.0416
373.0526
373.0638
373.0742
373.0853
373.0962
373.1079
373.1192
373.1302
373.141
373.1519
373.1639
373.1739
373.185
373.1964
373.2082
373.2202
373.2314
373.2432
373.2534
373.2651
373.276
373.287
373.2981
373.3091
373.3202
373.3314
373.3423
373.3537
373.3651
373.3758
373.3871
373.3981
373.409
373.42
373.4314
373.4422
373.4536
373.4653
373.4758
373.4869
373.4987
373.5093
373.5201
373.5324
373.542
373.5536
373.5649
373.5757
373.5868
373.5981
373.6089
373.62
373.6313
373.6423
373.6537
373.6649
373.6758
373.6869
373.6983
373.709
373.7207
373.7313
373.7425
373.7535
373.7651
373.7756
373.7871
373.7981
373.8089
373.8201
373.8314
373.8423
373.854
373.8654
373.8763
373.8869
373.898
373.909
373.9212
373.9311
373.9424
373.9537
373.9648
373.9759
373.988
373.9982
374.0092
374.0202
374.0316
374.0424
374.0538
374.065
374.0758
374.0868
374.099
374.1089
374.1202
374.1314
374.1425
374.1537
374.1649
374.1758
374.1873
374.1986
374.2092
374.2202
374.2316
374.2423
374.2536
374.2649
374.2759
374.2869
374.2982
374.3095
374.3203
374.3316
374.3425
374.3538
374.3651
374.3757
374.3881
374.3978
374.4091
374.4214
374.4314
374.4424
374.4537
374.4651
374.4759
374.4871
374.4982
374.5091
374.5204
374.5316
374.5424
374.5534
374.5653
374.5758
374.5875
374.5983
374.6094
374.6201
374.6316
374.6426
374.6537
374.6647
374.6758
374.6869
374.6981
374.709
374.7205
374.732
374.7426
374.7542
374.7656
374.7756
374.787
374.798
374.8092
374.8203
374.8317
374.8425
374.8536
374.8649
374.876
374.8878
374.8985
374.9091
374.9202
374.9317
374.9426
374.9534
374.9655
374.9758
374.987
374.9982
375.0091
375.0203
375.0322
375.0428
375.0537
375.065
375.0761
375.0871
375.0983
375.109
375.1207
375.1323
375.1421
375.1538
375.1649
375.1761
375.1869
375.1988
375.2092
375.2203
375.2326
375.2422
375.2538
375.2648
375.2758
375.2871
375.2981
375.3093
375.3204
375.3319
375.3427
375.354
375.3649
375.3759
375.3871
375.3982
375.4093
375.4205
375.4323
375.4424
375.4538
375.4651
375.4761
375.4869
375.4987
375.5095
375.5204
375.5313
375.5427
375.554
375.5649
375.576
375.5873
375.5981
375.6093
375.6206
375.6315
375.6426
375.654
375.6667
375.6756
375.687
375.6987
375.7093
375.7206
375.7315
375.7437
375.7537
375.765
375.7764
375.7872
375.7985
375.8096
375.8232
375.8334
375.8423
375.8542
375.8649
375.876
375.8875
375.8985
375.9094
375.9204
375.9316
375.9426
375.9547
375.9646
375.9758
375.9872
375.998
376.0095
376.0204
376.0313
376.0428
376.0539
376.0648
376.0759
376.0883
376.0977
376.1093
376.1209
376.1347
376.1447
376.1536
376.165
376.1758
376.1871
376.1995
376.2089
376.2207
376.2316
376.2425
376.2541
376.2648
376.2761
376.2869
376.298
376.3093
376.3206
376.3314
376.3426
376.3539
376.365
376.376
376.3872
376.3978
376.4092
376.4203
376.4315
376.4424
376.4538
376.4651
376.4759
376.487
376.5013
376.5122
376.5232
376.5341
376.5452
376.556
376.5673
376.5781
376.5908
376.6011
376.6126
376.6231
376.6357
376.6447
376.6562
376.6672
376.6781
376.6893
376.7012
376.7133
376.7226
376.7338
376.7449
376.7559
376.7672
376.7781
376.79
376.801
376.8118
376.8235
376.834
376.8448
376.8562
376.8687
376.8778
376.8894
376.9008
376.9121
376.9229
376.9339
376.9446
376.9561
376.968
376.9784
376.9894
377.0002
377.0121
377.0228
377.0338
377.0449
377.0562
377.0707
377.0812
377.089
377.1013
377.1119
377.1234
377.1337
377.1446
377.1566
377.1679
377.1781
377.1894
377.2002
377.2127
377.2225
377.2337
377.243
377.2538
377.2647
377.276
377.2874
377.2979
377.3094
377.3221
377.3312
377.3426
377.3546
377.3648
377.3758
377.3871
377.3995
377.409
377.4207
377.4314
377.4425
377.4539
377.4647
377.476
377.4871
377.4982
377.5096
377.5207
377.5317
377.5426
377.5538
377.5649
377.576
377.5875
377.5981
377.6093
377.6208
377.6312
377.6424
377.6548
377.6653
377.6764
377.6877
377.6987
377.7095
377.7211
377.7324
377.7429
377.7542
377.7655
377.7764
377.7874
377.7982
377.8095
377.8206
377.8314
377.8425
377.8541
377.8646
377.8757
377.8869
377.8981
377.9091
377.9208
377.9318
377.9425
377.9538
377.9647
377.9758
377.9872
377.9977
378.0096
378.0219
378.0311
378.0426
378.0536
378.0646
378.076
378.0874
378.098
378.1094
378.1206
378.1313
378.1424
378.1536
378.1647
378.1758
378.187
378.198
378.2092
378.2206
378.2317
378.2427
378.2542
378.2646
378.2762
378.2867
378.2978
378.3093
378.3205
378.3315
378.3424
378.3537
378.3647
378.3756
378.3872
378.3984
378.409
378.4201
378.4312
378.4425
378.4537
378.4647
378.4759
378.4868
378.4981
378.5091
378.5202
378.5312
378.5424
378.5536
378.5648
378.5757
378.5869
378.598
378.6092
378.6205
378.6313
378.6425
378.6537
378.6647
378.676
378.6897
378.7004
378.7116
378.7234
378.734
378.7451
378.7568
378.7682
378.7778
378.7896
378.8003
378.8113
378.8237
378.8342
378.8454
378.8564
378.8674
378.879
378.89
378.9007
378.9119
378.9232
378.9334
378.9445
378.9571
378.9669
378.9781
378.9896
379.0001
379.0122
379.0237
379.0345
379.0452
379.0562
379.067
379.0797
379.0893
379.1003
379.1117
379.1239
379.1344
379.1452
379.1568
379.1671
379.1786
379.1898
379.2009
379.2122
379.2231
379.2337
379.2457
379.2564
379.2681
379.278
379.2896
379.3005
379.3121
379.3228
379.3337
379.3457
379.356
379.3678
379.3792
379.39
379.4007
379.4114
379.4231
379.4337
379.4457
379.4566
379.4673
379.4787
379.49
379.5009
379.5116
379.5231
379.5342
379.5449
379.5558
379.5669
379.5783
379.5895
379.6003
379.6115
379.6237
379.6348
379.6453
379.6562
379.6676
379.6788
379.69
379.7009
379.7115
379.7226
379.7347
379.7455
379.7557
379.7681
379.779
379.79
379.8007
379.8117
379.8228
379.8336
379.8457
379.8566
379.8675
379.8789
379.8901
379.9009
379.9115
379.9228
379.9335
379.9457
379.9568
379.9671
379.9787
379.9897
380.0009
380.0117
380.0227
380.0338
380.0447
380.0562
380.0672
380.0787
380.0899
380.1008
380.1114
380.1227
380.1339
380.1447
380.1564
380.1672
380.1783
380.1895
380.2005
380.2115
380.2232
380.2343
380.2451
380.256
380.2944
380.3022
380.3111
380.3233
380.334
380.3453
380.3563
380.3671
380.3781
380.3897
380.4006
380.4112
380.4225
380.4334
380.4454
380.4563
380.4671
380.4783
380.4891
380.5005
380.5114
380.5224
380.5332
380.5456
380.5562
380.5674
380.5783
380.5896
380.6004
380.6118
380.6232
380.6337
380.6447
380.6559
380.6671
380.6785
380.6895
380.7003
380.7115
380.7225
380.7337
380.7448
380.7563
380.7669
380.7796
380.7893
380.803
380.8134
380.8222
380.8344
380.8459
380.8563
380.8672
380.8785
380.8892
380.9001
380.9128
380.9226
380.9339
380.9453
380.956
380.9679
380.9786
380.9896
381.0007
381.0121
381.0224
381.0336
381.046
381.0563
381.067
381.0784
381.0904
381.1001
381.1115
381.123
381.1335
381.1449
381.1566
381.1671
381.1787
381.1898
381.2006
381.2122
381.2224
381.2345
381.2463
381.256
381.267
381.2793
381.2899
381.3013
381.3124
381.3223
381.3334
381.3456
381.3578
381.3671
381.3785
381.3899
381.4004
381.4114
381.4224
381.4334
381.4448
381.4565
381.4674
381.4781
381.4899
381.5012
381.5122
381.5231
381.5338
381.5451
381.5566
381.5679
381.5786
381.5894
381.6002
381.6114
381.6231
381.6334
381.6447
381.656
381.6666
381.6777
381.69
381.7011
381.7119
381.7231
381.7343
381.745
381.756
381.7668
381.7789
381.7898
381.801
381.8124
381.8228
381.8341
381.8451
381.8557
381.8669
381.8785
381.8904
381.9005
381.9119
381.9229
381.9335
381.9452
381.9562
381.9676
381.9788
381.9899
382.001
382.0117
382.0223
382.0347
382.0454
382.0563
382.0668
382.079
382.0897
382.1006
382.1118
382.1235
382.1337
382.1447
382.156
382.1678
382.1794
382.1898
382.2009
382.212
382.2231
382.2339
382.2449
382.256
382.2669
382.2788
382.29
382.301
382.3121
382.3226
382.3345
382.3457
382.3563
382.3671
382.379
382.3901
382.4008
382.412
382.423
382.4338
382.4447
382.4559
382.4675
382.478
382.489
382.5013
382.5122
382.5225
382.5344
382.5455
382.5562
382.5671
382.5791
382.5897
382.6007
382.6118
382.6237
382.6334
382.6449
382.656
382.6677
382.6787
382.6896
382.701
382.7118
382.7229
382.7335
382.7446
382.7565
382.7677
382.78
382.7893
382.8005
382.8121
382.823
382.8338
382.8446
382.8559
382.8677
382.8786
382.89
382.9006
382.9118
382.9223
382.9335
382.9445
382.9565
382.9675
382.9784
382.9897
383.0004
383.0113
383.0228
383.0339
383.045
383.0558
383.0668
383.0788
383.0899
383.1008
383.1118
383.1241
383.1335
383.145
383.156
383.1679
383.178
383.1892
383.2001
383.212
383.2226
383.2338
383.2455
383.2564
383.2671
383.2785
383.2894
383.3006
383.3118
383.3226
383.3344
383.3453
383.3567
383.3673
383.38
383.3897
383.4007
383.4122
383.4231
383.4345
383.445
383.4561
383.4669
383.4793
383.489
383.5009
383.5121
383.5228
383.5342
383.5447
383.5556
383.5673
383.5786
383.5901
383.6004
383.6121
383.6228
383.6342
383.6445
383.6563
383.6677
383.6783
383.6894
383.7014
383.711
383.7227
383.7343
383.7449
383.7559
383.7679
383.7787
383.7897
383.8011
383.8124
383.8222
383.8338
383.8454
383.8565
383.8675
383.8779
383.89
383.9013
383.9118
383.9225
383.9343
383.9447
383.9566
383.9678
383.9785
383.9902
384.0013
384.0115
384.0226
384.0342
384.0454
384.0565
384.0676
384.0784
384.0898
384.1008
384.1115
384.1228
384.1341
384.1447
384.1562
384.1673
384.1781
384.1892
384.2004
384.2114
384.2227
384.2337
384.2448
384.2558
384.2671
384.2787
384.2897
384.301
384.3117
384.3227
384.3344
384.3452
384.3562
384.3675
384.3788
384.3896
384.401
384.4115
384.4226
384.4339
384.4445
384.4561
384.4673
384.4778
384.4897
384.5012
384.5115
384.5227
384.5335
384.5444
384.5558
384.567
384.5779
384.5892
384.6003
384.6121
384.6225
384.6346
384.6443
384.6563
384.6673
384.6784
384.6893
384.701
384.7112
384.7224
384.7336
384.7445
384.7559
384.767
384.778
384.7898
384.8008
384.8114
384.8224
384.8345
384.8453
384.8563
384.868
384.8776
384.8898
384.901
384.9116
384.9224
384.9334
384.9456
384.9562
384.9678
384.9796
384.9899
385.0007
385.0118
385.0237
385.033
385.0454
385.0563
385.0672
385.0786
385.0898
385.102
385.1114
385.1222
385.1347
385.1453
385.1562
385.1671
385.1787
385.1897
385.2008
385.2116
385.2228
385.2339
385.2447
385.2571
385.2668
385.278
385.2896
385.3
385.3121
385.3227
385.3348
385.3445
385.3561
385.3679
385.3784
385.3896
385.401
385.4121
385.4226
385.4334
385.4447
385.4561
385.4671
385.4785
385.4908
385.5003
385.5117
385.5229
385.5336
385.5451
385.5559
385.5666
385.5787
385.5897
385.6008
385.6118
385.6227
385.6343
385.6447
385.6556
385.6666
385.6795
385.6893
385.7005
385.7118
385.7223
385.7343
385.7454
385.7567
385.7679
385.7784
385.7897
385.8004
385.8114
385.8224
385.8333
385.8443
385.8558
385.8669
385.8784
385.8896
385.9003
385.9114
385.9225
385.9335
385.9444
385.9561
385.9668
385.9782
385.9901
386
386.0121
386.0231
386.0342
386.0452
386.0563
386.0672
386.078
386.0892
386.1001
386.111
386.1231
386.1342
386.146
386.1561
386.167
386.1788
386.1894
386.2003
386.2114
386.2226
386.2334
386.2446
386.2559
386.2669
386.2781
386.2895
386.3004
386.3119
386.323
386.3344
386.3448
386.3559
386.3668
386.3797
386.3891
386.4004
386.4116
386.4225
386.4348
386.4452
386.4562
386.4672
386.4788
386.49
386.5007
386.5117
386.5233
386.5338
386.5447
386.5558
386.5677
386.5789
386.5898
386.601
386.6117
386.6229
386.6338
386.6462
386.6568
386.6678
386.6791
386.6899
386.7008
386.7118
386.724
386.7348
386.7457
386.757
386.7679
386.7788
386.7899
386.801
386.8119
386.823
386.834
386.8458
386.8568
386.868
386.8786
386.8895
386.9015
386.9128
386.9233
386.9341
386.9453
386.957
386.9689
386.979
386.9905
387.0013
387.012
387.0234
387.0341
387.0452
387.0562
387.0687
387.0788
387.0899
387.1011
387.1117
387.1231
387.134
387.1459
387.157
387.1679
387.1788
387.1898
387.2009
387.2117
387.224
387.2347
387.2457
387.2571
387.2681
387.2785
387.2899
387.3009
387.3121
387.3236
387.3343
387.3453
387.3564
387.3683
387.3803
387.3899
387.4009
387.4119
387.4234
387.4342
387.4459
387.4565
387.4683
387.4791
387.4903
387.5008
387.5118
387.5231
387.5352
387.5457
387.5573
387.5682
387.5796
387.5905
387.6011
387.6136
387.6229
387.634
387.6455
387.6564
387.668
387.6792
387.6903
387.7009
387.7118
387.7233
387.7341
387.7459
387.7569
387.7684
387.7792
387.7905
387.8011
387.8123
387.8243
387.835
387.8461
387.8578
387.868
387.8798
387.8905
387.901
387.912
387.9247
387.9352
387.9462
387.957
387.9682
387.9789
387.99
388.0006
388.0123
388.0236
388.0357
388.045
388.0563
388.0678
388.0792
388.0902
388.1011
388.1118
388.1232
388.1348
388.1459
388.1572
388.1679
388.179
388.1907
388.2005
388.2119
388.2233
388.2339
388.2459
388.2579
388.2683
388.2789
388.2898
388.301
388.3127
388.3239
388.3346
388.3457
388.3565
388.3676
388.3789
388.3906
388.4015
388.412
388.4245
388.4338
388.4464
388.4571
388.4689
388.4783
388.4898
388.5008
388.5117
388.5233
388.5348
388.5473
388.5564
388.5682
388.58
388.5895
388.6008
388.612
388.6232
388.634
388.6458
388.6563
388.6673
388.6788
388.6898
388.7008
388.7122
388.7231
388.7341
388.7461
388.7569
388.7679
388.779
388.7901
388.8005
388.8127
388.8234
388.8343
388.8456
388.8562
388.868
388.879
388.8911
388.9014
388.9123
388.9233
388.934
388.9454
388.9571
388.9685
388.9797
388.9901
389.0009
389.012
389.0229
389.034
389.0475
389.0559
389.0678
389.0801
389.0898
389.101
389.1126
389.123
389.1349
389.1462
389.157
389.1678
389.1787
389.1896
389.2009
389.2128
389.2233
389.2341
389.2461
389.2571
389.2683
389.2794
389.2899
389.301
389.3119
389.3231
389.3349
389.3461
389.3696
389.3777
389.3857
389.4008
389.4125
389.4233
389.4341
389.445
389.4561
389.4673
389.479
389.4894
389.5003
389.5238
389.5333
389.5447
389.5532
389.5645
389.5768
389.5864
389.5977
389.6091
389.6199
389.6312
389.6421
389.6548
389.6642
389.6755
389.6869
389.6978
389.7088
389.7202
389.7311
389.7423
389.753
389.7656
389.7754
389.7868
389.7978
389.8106
389.8198
389.8312
389.8425
389.8533
389.8646
389.8756
389.8884
389.8969
389.9072
389.9198
389.93
389.9414
389.9516
389.963
389.9736
389.9851
389.9966
390.007
390.0184
390.0302
390.0413
390.0517
390.0637
390.0747
390.0849
390.0964
390.107
390.118
390.13
390.1413
390.1519
390.1637
390.1739
390.185
390.1961
390.2068
390.2189
390.2296
390.2403
390.2515
390.2631
390.2992
390.3076
390.316
390.3237
390.3316
390.3392
390.3509
390.3612
390.3725
390.3839
390.3948
390.4057
390.4169
390.428
390.4391
390.4501
390.4608
390.4726
390.483
390.4942
390.5049
390.5159
390.5284
390.5385
390.5496
390.5608
390.572
390.5829
390.5937
390.6056
390.6156
390.6279
390.6388
390.6496
390.6607
390.6719
390.6839
390.6937
390.705
390.7158
390.7288
390.7388
390.7499
390.7609
390.7719
390.7828
390.7938
390.805
390.8157
390.8266
390.8389
390.8501
390.8607
390.8719
390.8825
390.8941
390.9053
390.9164
390.9269
390.9379
390.95
390.9609
390.9722
390.9829
390.9939
391.0054
391.0158
391.0273
391.0382
391.0502
391.0608
391.0723
391.0831
391.0941
391.105
391.1158
391.1269
391.1382
391.1499
391.1607
391.1719
391.1826
391.1941
391.2054
391.2162
391.2273
391.238
391.2505
391.2608
391.2722
391.2827
391.2943
391.3055
391.3163
391.3271
391.3382
391.3493
391.3604
391.3725
391.3828
391.3943
391.4055
391.4161
391.4276
391.4388
391.4494
391.4606
391.4718
391.4828
391.4946
391.5057
391.5166
391.5276
391.5387
391.5501
391.5605
391.5715
391.5827
391.5961
391.6052
391.6167
391.6275
391.6385
391.6496
391.6608
391.6719
391.6833
391.6946
391.7058
391.7169
391.7276
391.7385
391.7497
391.7607
391.7719
391.7828
391.7938
391.8048
391.817
391.8277
391.8389
391.8502
391.8608
391.8717
391.8828
391.8937
391.9058
391.9168
391.9282
391.9387
391.9498
391.9607
391.9732
391.9824
391.9937
392.0059
392.0165
392.0276
392.0388
392.0497
392.0605
392.0716
392.0829
392.0934
392.1054
392.1169
392.1276
392.1389
392.1499
392.1605
392.1719
392.1828
392.1951
392.2047
392.2172
392.2278
392.2389
392.2497
392.2607
392.2719
392.2831
392.294
392.3051
392.3161
392.327
392.3386
392.3504
392.361
392.3721
392.3831
392.3937
392.4047
392.417
392.4279
392.4387
392.4499
392.4608
392.4719
392.4825
392.494
392.5059
392.5167
392.5275
392.5386
392.55
392.5605
392.5716
392.5829
392.5937
392.6048
392.617
392.6278
392.6389
392.6499
392.6607
392.6718
392.6826
392.6952
392.7049
392.7172
392.7279
392.7388
392.7498
392.7607
392.7717
392.783
392.794
392.805
392.816
392.8277
392.8387
392.8513
392.8606
392.8721
392.8838
392.8942
392.9054
392.9162
392.9272
392.9386
392.9494
392.9606
392.9723
392.9833
392.9943
393.0056
393.0163
393.0271
393.0391
393.0492
393.0604
393.0714
393.0838
393.0945
393.1055
393.1173
393.1269
393.1384
393.1495
393.1602
393.1721
393.1833
393.1942
393.2053
393.216
393.2272
393.2393
393.2501
393.2611
393.2719
393.2832
393.2939
393.305
393.3159
393.3268
393.3388
393.3503
393.361
393.3715
393.3827
393.3936
393.4059
393.4167
393.4275
393.4386
393.4496
393.4617
393.4716
393.4828
393.4939
393.5052
393.5158
393.5279
393.539
393.5497
393.5608
393.572
393.5828
393.5938
393.6051
393.616
393.6278
393.6388
393.6504
393.6615
393.6713
393.683
393.6937
393.7048
393.7159
393.7278
393.7389
393.7498
393.7606
393.7719
393.7829
393.7939
393.8049
393.8166
393.8279
393.8396
393.8497
393.8609
393.8722
393.8828
393.8939
393.9056
393.9158
393.9269
393.9392
393.9502
393.9611
393.9715
393.9825
393.9936
394.0056
394.0164
394.0277
394.0385
394.0499
394.0607
394.0717
394.0827
394.0935
394.1053
394.1162
394.1274
394.1387
394.1496
394.1607
394.1717
394.1826
394.1938
394.2047
394.2154
394.2276
394.2388
394.2499
394.2607
394.2712
394.2823
394.2934
394.3058
394.3163
394.3274
394.3385
394.3495
394.3605
394.3716
394.3826
394.3937
394.4056
394.4154
394.4277
394.4388
394.4497
394.4608
394.4713
394.4826
394.494
394.5047
394.517
394.5265
394.5389
394.5499
394.561
394.5717
394.5828
394.5935
394.6057
394.6163
394.6275
394.6384
394.6493
394.6603
394.6711
394.6825
394.6938
394.7048
394.7157
394.7267
394.7392
394.7497
394.761
394.7713
394.782
394.7945
394.8058
394.8162
394.8273
394.8383
394.8492
394.8603
394.8719
394.8825
394.8939
394.905
394.9156
394.9266
394.9395
394.9497
394.9611
394.9723
394.9829
394.9937
395.0051
395.0158
395.0267
395.0381
395.0509
395.0609
395.0725
395.0829
395.0937
395.1051
395.1156
395.128
395.1392
395.1496
395.1606
395.172
395.1826
395.1937
395.2048
395.2169
395.2281
395.2392
395.2498
395.261
395.2722
395.2828
395.2939
395.306
395.317
395.3276
395.3391
395.3497
395.3605
395.3718
395.383
395.3935
395.4059
395.4167
395.428
395.4391
395.4496
395.4607
395.4718
395.4826
395.4935
395.506
395.5168
395.5277
395.5395
395.5496
395.5609
395.5722
395.583
395.5936
395.6051
395.6178
395.6274
395.639
395.6499
395.6607
395.6721
395.683
395.6937
395.7049
395.7166
395.7279
395.739
395.7497
395.761
395.7721
395.7827
395.7938
395.8052
395.8169
395.8278
395.8392
395.8499
395.8607
395.8721
395.8839
395.8938
395.9063
395.9159
395.9279
395.9395
395.9502
395.9609
395.9722
395.983
395.9943
396.0053
396.0161
396.0269
396.0393
396.0502
396.0609
396.0722
396.0825
396.0936
396.1061
396.1165
396.1276
396.1388
396.1496
396.1608
396.1722
396.1845
396.1939
396.2053
396.2161
396.227
396.2381
396.2501
396.261
396.2721
396.2829
396.294
396.305
396.316
396.3271
396.3392
396.3498
396.361
396.372
396.3829
396.3944
396.4055
396.4166
396.4273
396.4384
396.4494
396.4605
396.4716
396.4824
396.495
396.5062
396.5164
396.5277
396.539
396.5497
396.5611
396.5717
396.5829
396.5945
396.6059
396.6165
396.6274
396.6385
396.6491
396.6615
396.6734
396.6831
396.6951
396.7056
396.7167
396.7273
396.7387
396.7495
396.7614
396.7715
396.7825
396.7948
396.8052
396.8164
396.8275
396.8396
396.8493
396.8611
396.8724
396.8824
396.894
396.9053
396.917
396.9279
396.9389
396.9499
396.9612
396.9723
396.9836
396.9944
397.0056
397.0162
397.0276
397.0386
397.0494
397.0604
397.073
397.0832
397.0942
397.1054
397.1161
397.1273
397.139
397.1501
397.1609
397.1724
397.1826
397.1949
397.2055
397.2162
397.2276
397.2387
397.2497
397.2604
397.2723
397.2833
397.2944
397.3058
397.3164
397.3276
397.3387
397.3496
397.3605
397.3723
397.3831
397.3941
397.4052
397.4163
397.4273
397.4382
397.4492
397.4612
397.4722
397.4826
397.4937
397.5048
397.5167
397.5277
397.5391
397.5497
397.5608
397.5719
397.583
397.594
397.6051
397.6159
397.6269
397.6383
397.6499
397.6612
397.6722
397.6827
397.6937
397.7048
397.7159
397.7281
397.7389
397.7497
397.7609
397.7719
397.7829
397.7939
397.8051
397.8158
397.828
397.8391
397.8499
397.8614
397.8739
397.8835
397.8948
397.906
397.917
397.9278
397.9389
397.9496
397.9606
397.9719
397.983
397.9947
398.0058
398.0166
398.0278
398.0385
398.0498
398.0611
398.0724
398.0828
398.0939
398.1054
398.1155
398.1276
398.1395
398.1496
398.1606
398.1717
398.1831
398.1939
398.205
398.2161
398.227
398.2389
398.2498
398.261
398.2719
398.2824
398.2945
398.3056
398.3165
398.3274
398.3394
398.3491
398.3604
398.3714
398.3823
398.3945
398.4057
398.4164
398.4275
398.4387
398.4496
398.4603
398.4713
398.4829
398.4937
398.5049
398.5157
398.5267
398.5377
398.5495
398.5608
398.5719
398.5821
398.5932
398.6055
398.616
398.627
398.6383
398.6489
398.6599
398.671
398.6822
398.6931
398.705
398.7159
398.7269
398.7381
398.7488
398.7599
398.7707
398.7821
398.7932
398.8054
398.815
398.8271
398.8385
398.8492
398.8602
398.8708
398.8817
398.8938
398.9049
398.9157
398.9266
398.9378
398.9489
398.9598
398.9708
398.9822
398.9935
399.0047
399.0151
399.0267
399.0378
399.0495
399.0608
399.0719
399.0827
399.0934
399.1058
399.1157
399.1272
399.1383
399.149
399.1602
399.171
399.1823
399.1933
399.2045
399.2154
399.2264
399.2386
399.2492
399.2607
399.2712
399.282
399.2934
399.3056
399.3153
399.3264
399.3375
399.3493
399.3606
399.3716
399.3821
399.3932
399.4041
399.4152
399.4276
399.4384
399.4492
399.4605
399.4716
399.482
399.4932
399.5047
399.5156
399.527
399.5378
399.5489
399.5607
399.5711
399.5827
399.5935
399.6044
399.6165
399.6261
399.6386
399.6501
399.6602
399.6716
399.6818
399.6942
399.7064
399.7159
399.7272
399.7379
399.7493
399.7603
399.7715
399.7825
399.7948
399.8047
399.8156
399.827
399.8388
399.8498
399.861
399.8734
399.8822
399.8938
399.9051
399.9167
399.928
399.9388
399.95
399.961
399.9721
399.983
399.9942
400.005
400.0166
400.0279
400.0388
400.05
400.0615
400.0719
400.0829
400.0943
400.105
400.1157
400.1281
400.1391
400.15
400.1612
400.1717
400.1827
400.194
400.2052
400.2166
400.227
400.2381
400.2495
400.2614
400.2725
400.3098
400.3185
400.3279
400.3388
400.3495
400.3608
400.3717
400.3831
400.3942
400.4053
400.4163
400.4271
400.4384
400.4494
400.4614
400.4725
400.4826
400.4939
400.5047
400.5169
400.528
400.5387
400.5499
400.5606
400.5716
400.5828
400.5938
400.6049
400.6166
400.628
400.6387
400.6495
400.661
400.6717
400.6826
400.6938
400.7058
400.7167
400.7275
400.7387
400.7496
400.7606
400.7717
400.7822
400.7944
400.8058
400.8163
400.8274
400.8384
400.8492
400.8604
400.8716
400.8829
400.8934
400.905
400.9166
400.9274
400.9385
400.9494
400.9605
400.9718
400.9829
400.9937
401.0049
401.0157
401.0269
401.0391
401.0496
401.0608
401.0717
401.0829
401.0939
401.1056
401.1159
401.127
401.1389
401.1498
401.1607
401.1717
401.1833
401.194
401.2051
401.2162
401.2267
401.239
401.2498
401.2609
401.2722
401.2827
401.2936
401.306
401.3164
401.3276
401.339
401.3494
401.3605
401.3722
401.3828
401.3939
401.4052
401.4165
401.4274
401.4391
401.4496
401.4604
401.4717
401.4833
401.4946
401.5068
401.5172
401.5285
401.5398
401.55
401.5609
401.5719
401.5844
401.5956
401.6057
401.6174
401.628
401.6392
401.6494
401.6608
401.6724
401.6827
401.6937
401.7049
401.7165
401.7268
401.7389
401.7499
401.76
401.7722
401.7828
401.7937
401.805
401.8159
401.8278
401.8388
401.8498
401.8609
401.8721
401.8824
401.8935
401.9056
401.9166
401.9273
401.9387
401.9498
401.9605
401.9721
401.9829
401.9937
402.0049
402.0158
402.028
402.0386
402.0501
402.0607
402.0715
402.0831
402.0937
402.1047
402.1162
402.1274
402.1387
402.1497
402.1607
402.1718
402.1833
402.1937
402.2049
402.2157
402.2275
402.2388
402.2497
402.2606
402.2717
402.283
402.2938
402.3049
402.3159
402.3268
402.3378
402.3499
402.3609
402.3719
402.3827
402.3932
402.4051
402.4166
402.4274
402.4387
402.4496
402.4603
402.4713
402.4826
402.4937
402.5045
402.5159
402.5277
402.5385
402.5499
402.5604
402.5714
402.5829
402.5934
402.6057
402.6167
402.6275
402.6385
402.6501
402.661
402.6719
402.6824
402.6935
402.7046
402.7168
402.7274
402.7387
402.7495
402.7602
402.7713
402.7839
402.7932
402.8045
402.8154
402.8272
402.8387
402.8504
402.8599
402.8712
402.882
402.8932
402.9051
402.9161
402.927
402.9388
402.9487
402.9599
402.9713
402.9819
402.9938
403.0051
403.0157
403.0267
403.0379
403.0487
403.0597
403.0707
403.082
403.0938
403.1051
403.1158
403.1266
403.1377
403.1486
403.1597
403.1708
403.1815
403.1927
403.2048
403.2157
403.2267
403.2376
403.2488
403.2596
403.2709
403.2818
403.2932
403.3053
403.3158
403.327
403.3379
403.349
403.3598
403.3711
403.3817
403.3927
403.4057
403.4157
403.4267
403.4381
403.4487
403.4598
403.4707
403.4818
403.493
403.5061
403.5161
403.5271
403.5382
403.549
403.5601
403.571
403.5819
403.5929
403.6042
403.6151
403.6273
403.6382
403.6494
403.6602
403.6711
403.6819
403.6934
403.7054
403.7165
403.7275
403.7381
403.7499
403.7601
403.7713
403.7822
403.7943
403.8059
403.8164
403.8278
403.8389
403.8494
403.8602
403.8719
403.8831
403.894
403.9051
403.9161
403.9277
403.9378
403.9489
403.9612
403.972
403.9831
403.9943
404.005
404.0159
404.0269
404.039
404.0561
404.0674
404.076
404.0841
404.0935
404.1053
404.1163
404.1282
404.1381
404.1487
404.1597
404.1718
404.1823
404.1927
404.2052
404.2158
404.227
404.2383
404.249
404.26
404.2715
404.282
404.2931
404.3041
404.3159
404.3266
404.3381
404.3488
404.36
404.3715
404.3823
404.3933
404.4046
404.4152
404.4263
404.4378
404.4496
404.4605
404.4713
404.4825
404.4948
404.5048
404.5156
404.5267
404.5379
404.5486
404.5607
404.5722
404.5818
404.5932
404.607
404.6156
404.627
404.6385
404.6487
404.66
404.6704
404.6836
404.6928
404.7042
404.7151
404.7256
404.7368
404.7473
404.7584
404.7693
404.7825
404.7922
404.8034
404.8142
404.826
404.8362
404.8478
404.8583
404.8704
404.881
404.8918
404.9029
404.9138
404.926
404.9371
404.9478
404.9587
404.9699
404.9818
404.9915
405.0028
405.0137
405.0247
405.0367
405.0481
405.059
405.0696
405.0809
405.0918
405.1027
405.1141
405.1253
405.1364
405.1472
405.1583
405.1704
405.1813
405.192
405.2032
405.2143
405.225
405.2362
405.2471
405.2591
405.2691
405.2807
405.2922
405.3028
405.3148
405.3257
405.3367
405.3475
405.3585
405.3697
405.3806
405.3917
405.4026
405.4147
405.4254
405.4373
405.4474
405.4589
405.4704
405.4821
405.4916
405.503
405.5139
405.5258
405.5371
405.5481
405.559
405.5712
405.582
405.5928
405.6037
405.6147
405.6257
405.6383
405.6486
405.6599
405.6709
405.6826
405.6935
405.705
405.7161
405.7272
405.7383
405.7495
405.7606
405.7714
405.7824
405.7959
405.8052
405.8159
405.8271
405.8381
405.8492
405.8602
405.8731
405.8829
405.8943
405.9052
405.9162
405.9278
405.9382
405.9492
405.9603
405.9713
405.9832
405.9942
406.0049
406.0158
406.0269
406.0391
406.05
406.061
406.072
406.0826
406.0935
406.1055
406.1162
406.127
406.138
406.149
406.1613
406.172
406.1826
406.1938
406.2045
406.2157
406.2279
406.2382
406.2502
406.261
406.272
406.2832
406.2943
406.3047
406.3158
406.3292
406.3386
406.3497
406.3606
406.3715
406.3825
406.3935
406.4056
406.4166
406.4272
406.4388
406.449
406.4603
406.4719
406.4831
406.4943
406.5049
406.5173
406.5266
406.5388
406.5497
406.561
406.572
406.5825
406.5951
406.6053
406.6167
406.6274
406.6378
406.649
406.6611
406.6721
406.6826
406.6938
406.7055
406.7164
406.7277
406.7386
406.749
406.7603
406.7713
406.7826
406.7943
406.8045
406.8166
406.8276
406.838
406.8492
406.8605
406.8723
406.8822
406.8942
406.9052
406.9163
406.9273
406.9382
406.9498
406.9618
406.9717
406.9825
406.9935
407.0056
407.0166
407.0275
407.0384
407.0498
407.0606
407.0716
407.0826
407.0935
407.1046
407.1168
407.128
407.138
407.1492
407.1612
407.1719
407.183
407.1942
407.2067
407.2156
407.227
407.239
407.2496
407.2601
407.2708
407.2838
407.2941
407.3053
407.3158
407.3269
407.3378
407.3495
407.3602
407.3721
407.3833
407.3945
407.4052
407.4157
407.4263
407.4389
407.4492
407.4604
407.4713
407.4829
407.4938
407.5053
407.5157
407.527
407.5379
407.5493
407.5612
407.5708
407.5827
407.5934
407.6044
407.6156
407.6278
407.6388
407.6499
407.6615
407.6712
407.6823
407.6935
407.7054
407.7166
407.7275
407.7379
407.7495
407.7601
407.7723
407.7831
407.7936
407.8047
407.8167
407.8266
407.839
407.849
407.86
407.8723
407.8832
407.8943
407.9051
407.9162
407.9274
407.9382
407.9493
407.9607
407.9716
407.9824
407.9944
408.0049
408.016
408.0269
408.0378
408.0491
408.0609
408.0718
408.083
408.0939
408.1049
408.116
408.1272
408.1379
408.1498
408.1609
408.1714
408.1827
408.1934
408.2045
408.2164
408.2273
408.2384
408.2491
408.261
408.272
408.283
408.2939
408.305
408.3161
408.327
408.3379
408.3499
408.361
408.372
408.3823
408.3944
408.4053
408.4162
408.4274
408.4382
408.4496
408.4604
408.4714
408.4824
408.4935
408.5055
408.5164
408.5274
408.5385
408.5495
408.5601
408.5722
408.5823
408.5943
408.6055
408.6163
408.6274
408.6383
408.6495
408.6604
408.6714
408.6824
408.6935
408.7054
408.7164
408.7275
408.7384
408.7495
408.7603
408.7713
408.7825
408.7936
408.8045
408.8167
408.8275
408.8386
408.8494
408.8602
408.8712
408.8823
408.8943
408.9051
408.9174
408.9266
408.9379
408.949
408.9602
408.9713
408.9827
408.9937
409.0046
409.0157
409.0268
409.0386
409.0493
409.0614
409.0714
409.0825
409.0935
409.1054
409.1166
409.1268
409.1389
409.1494
409.1604
409.1712
409.1823
409.1944
409.2054
409.2179
409.227
409.2384
409.2495
409.2603
409.2712
409.2823
409.2934
409.3056
409.3163
409.3275
409.3385
409.3497
409.3602
409.3713
409.3822
409.3943
409.4048
409.4157
409.4268
409.4379
409.4498
409.4607
409.472
409.483
409.4943
409.5052
409.516
409.5272
409.5381
409.5489
409.561
409.572
409.5831
409.594
409.6053
409.6159
409.6272
409.6381
409.6491
409.6621
409.6732
409.6845
409.6949
409.7053
409.7167
409.7267
409.7405
409.7496
409.7615
409.773
409.7838
409.7949
409.8074
409.8168
409.8297
409.8382
409.8495
409.8606
409.8714
409.8841
409.8934
409.9061
409.9163
409.9297
409.9392
409.9501
409.9623
409.9745
409.9838
409.9942
410.0062
410.0165
410.0295
410.0385
410.0508
410.0609
410.0725
410.0823
410.0948
410.1055
410.1153
410.1276
410.1391
410.1494
410.1604
410.1714
410.1828
410.1938
410.2051
410.2158
410.2268
410.2379
410.2497
410.2603
410.2714
410.2824
410.3178
410.3243
410.3298
410.3377
410.3501
410.3615
410.3734
410.3829
410.3954
410.4051
410.4156
410.4289
410.4378
410.4492
410.4614
410.472
410.4844
410.4947
410.5049
410.5174
410.5289
410.5412
410.5502
410.5614
410.5729
410.5833
410.5957
410.607
410.6156
410.6305
410.6395
410.6494
410.662
410.6711
410.6842
410.6956
410.7046
410.7173
410.7274
410.7406
410.7501
410.7604
410.7715
410.784
410.7944
410.8067
410.8176
410.8294
410.8388
410.851
410.8613
410.8716
410.885
410.8954
410.9053
410.9177
410.9268
410.9382
410.9494
410.9601
410.9731
410.9839
410.9939
411.0061
411.0166
411.0268
411.0379
411.049
411.0608
411.0718
411.0826
411.094
411.106
411.1172
411.1268
411.1409
411.1485
411.163
411.1713
411.1841
411.1934
411.2047
411.2167
411.2271
411.2401
411.2487
411.2612
411.271
411.2823
411.2945
411.3058
411.3166
411.3271
411.3381
411.352
411.3603
411.3713
411.3823
411.3943
411.4054
411.4158
411.4269
411.4389
411.4484
411.4674
411.4744
411.4827
411.4939
411.5048
411.5157
411.5278
411.5382
411.5493
411.5603
411.5714
411.5824
411.5935
411.6058
411.6167
411.6282
411.6379
411.6489
411.6609
411.6715
411.6832
411.6936
411.7048
411.7174
411.7265
411.7393
411.7489
411.76
411.7744
411.7834
411.7961
411.8057
411.8179
411.829
411.8387
411.8503
411.8621
411.8724
411.8848
411.894
411.9049
411.9165
411.9271
411.9386
411.9497
411.96
411.9712
411.9833
411.9942
412.0052
412.016
412.0271
412.0406
412.0505
412.0622
412.0718
412.0845
412.0952
412.1053
412.1174
412.1281
412.139
412.1503
412.1614
412.1713
412.1847
412.195
412.2066
412.2162
412.2303
412.2389
412.2511
412.2615
412.2719
412.283
412.2941
412.3051
412.316
412.3269
412.3379
412.3488
412.3619
412.3728
412.3839
412.3944
412.4064
412.4173
412.4276
412.4396
412.45
412.4618
412.471
412.4845
412.4937
412.5074
412.5172
412.529
412.5416
412.5508
412.5623
412.5711
412.5865
412.5949
412.6059
412.6179
412.6293
412.6396
412.6504
412.6621
412.6748
412.6958
412.7017
412.7075
412.7179
412.7285
412.7389
412.7513
412.761
412.7728
412.7847
412.7942
412.806
412.8156
412.828
412.8526
412.8609
412.8664
412.8734
412.8837
412.8943
412.906
412.9177
412.9297
412.939
412.9514
412.9606
412.973
412.982
412.994
413.0035
413.0184
413.026
413.0457
413.0514
413.0589
413.0703
413.0887
413.0958
413.1033
413.1141
413.1313
413.1373
413.1471
413.1609
413.17
413.1811
413.1919
413.2033
413.2148
413.2244
413.2358
413.2477
413.2587
413.2696
413.2801
413.2912
413.3035
413.3145
413.3273
413.3369
413.3472
413.3584
413.3702
413.38
413.3924
413.4041
413.4141
413.4252
413.4362
413.4472
413.4582
413.4691
413.4803
413.4915
413.5023
413.5165
413.5251
413.5366
413.5495
413.5594
413.5704
413.5816
413.5935
413.6052
413.6147
413.6273
413.637
413.6486
413.659
413.6712
413.6821
413.6935
413.704
413.7157
413.7263
413.736
413.7491
413.7585
413.7708
413.7817
413.7933
413.8039
413.8162
413.8252
413.8372
413.8469
413.8606
413.8709
413.8811
413.8929
413.9043
413.9135
413.9269
413.9364
413.9491
413.9592
413.9706
413.9826
413.9915
414.0045
414.0133
414.0269
414.0375
414.049
414.0592
414.0726
414.081
414.0921
414.1042
414.1148
414.1264
414.1364
414.1599
414.1655
414.1722
414.182
414.1915
414.2028
414.2138
414.2255
414.2381
414.2473
414.2583
414.2711
414.2798
414.2936
414.303
414.3142
414.3264
414.3358
414.3471
414.3582
414.3693
414.3803
414.3929
414.4032
414.4162
414.4251
414.4376
414.4469
414.4583
414.4703
414.4799
414.4913
414.5025
414.5145
414.5253
414.5363
414.5473
414.5584
414.5692
414.5878
414.6079
414.6139
414.6194
414.6257
414.6364
414.6473
414.6583
414.669
414.6884
414.6884
426.2266
430.1825
435.7601
441.1408
444.9854
449.9453
455.8013
459.6046
466.2588
466.2698
466.2844
466.2961
466.3048
466.3145
466.3257
466.3376
466.3486
466.3596
466.3707
466.3836
466.3953
466.4038
466.4145
466.4254
466.4377
466.4471
466.4596
466.4705
466.4814
466.4926
466.5302
466.5386
466.5488
466.5586
466.5704
466.581
466.5923
466.6034
466.6143
466.6252
466.6362
466.6476
466.659
466.67
466.6812
466.6945
466.7056
466.7145
466.7257
466.7383
466.7475
466.7589
466.7701
466.781
466.7923
466.8033
466.8145
466.8252
466.8363
466.8492
466.8594
466.8703
466.8812
466.8919
466.9032
466.9142
466.9262
466.9372
466.9487
466.9592
466.9705
466.9811
466.9928
467.0038
467.015
467.0259
467.0366
467.0487
467.0595
467.0708
467.0818
467.0929
467.1038
467.1146
467.1265
467.1376
467.1485
467.1597
467.1704
467.1818
467.1923
467.2034
467.2149
467.2265
467.2374
467.2485
467.2611
467.2708
467.2824
467.2927
467.3036
467.3149
467.3256
467.3376
467.3487
467.3597
467.371
467.3822
467.3928
467.4043
467.4148
467.4255
467.4373
467.4479
467.4596
467.4705
467.482
467.4924
467.5037
467.5148
467.5254
467.5375
467.5486
467.5594
467.5705
467.5819
467.5934
467.6035
467.6147
467.6263
467.6378
467.6487
467.6594
467.6706
467.6818
467.6927
467.7046
467.7143
467.7264
467.738
467.7489
467.7597
467.7707
467.7815
467.7925
467.8036
467.8147
467.8254
467.8379
467.8488
467.8595
467.8706
467.8819
467.8928
467.9036
467.9145
467.9267
467.9378
467.9491
467.9609
467.9707
467.982
467.9924
468.0039
468.0147
468.0258
468.0379
468.0492
468.0596
468.0706
468.082
468.0931
468.104
468.1153
468.1265
468.1371
468.1482
468.1592
468.1716
468.1817
468.1925
468.2039
468.2148
468.2257
468.238
468.2478
468.2594
468.2709
468.2817
468.2933
468.3043
468.3155
468.3262
468.3373
468.3482
468.3598
468.3705
468.3812
468.3923
468.4045
468.4153
468.4261
468.4382
468.448
468.4594
468.4707
468.4815
468.4927
468.5046
468.5154
468.5262
468.5372
468.5483
468.5594
468.5706
468.5816
468.5929
468.6035
468.6155
468.6266
468.6375
468.6483
468.6594
468.671
468.6819
468.6927
468.7038
468.7149
468.7253
468.738
468.7489
468.7596
468.7709
468.7818
468.7925
468.8035
468.8155
468.8268
468.8376
468.8485
468.8597
468.871
468.8819
468.8926
468.9042
468.9144
468.9265
468.9375
468.9482
468.9598
468.9709
468.9813
468.9924
469.0039
469.0149
469.0288
469.0396
469.0484
469.0594
469.0706
469.0815
469.0921
469.1049
469.1151
469.1265
469.1379
469.1485
469.1593
469.1714
469.181
469.1927
469.2041
469.2144
469.2255
469.2381
469.2494
469.2588
469.2707
469.2816
469.2924
469.3047
469.3153
469.3265
469.3377
469.3483
469.3594
469.3712
469.3819
469.3926
469.4042
469.4147
469.4258
469.438
469.4478
469.4597
469.4711
469.4818
469.4929
469.5039
469.515
469.5268
469.5377
469.5486
469.56
469.5714
469.582
469.5929
469.6039
469.6148
469.6257
469.6371
469.6477
469.66
469.6714
469.6821
469.693
469.7044
469.715
469.7258
469.7373
469.7484
469.759
469.7708
469.7828
469.7933
469.8042
469.8151
469.8271
469.8373
469.848
469.8592
469.8704
469.8813
469.8933
469.9042
469.915
469.9263
469.9373
469.9481
469.9592
469.9707
469.9819
469.993
470.0044
470.0152
470.026
470.0373
470.0481
470.0592
470.0702
470.0813
470.0923
470.1047
470.1153
470.1262
470.1376
470.1483
470.1597
470.1706
470.1814
470.1925
470.2034
470.2154
470.2264
470.2375
470.2483
470.2593
470.2705
470.2815
470.2924
470.3036
470.3145
470.3519
470.361
470.3709
470.3813
470.3924
470.4037
470.4155
470.4264
470.4377
470.4494
470.459
470.4707
470.4821
470.4923
470.5033
470.5158
470.5268
470.5376
470.5484
470.5595
470.5706
470.5814
470.5925
470.6037
470.6154
470.6266
470.6375
470.6488
470.6596
470.6706
470.6817
470.6926
470.7047
470.7155
470.7264
470.7375
470.7488
470.7601
470.7704
470.7814
470.7936
470.8047
470.8155
470.8268
470.8377
470.8484
470.8592
470.8706
470.8817
470.8925
470.9046
470.9157
470.9264
470.9374
470.9487
470.9594
470.9711
470.9821
470.9925
471.0047
471.0156
471.0265
471.0374
471.0484
471.0593
471.071
471.0815
471.0937
471.1035
471.1147
471.1259
471.1371
471.1488
471.1598
471.171
471.1821
471.193
471.2037
471.2148
471.226
471.2372
471.2491
471.2603
471.2712
471.2821
471.2936
471.304
471.3154
471.3276
471.3377
471.3491
471.3603
471.371
471.3834
471.3951
471.4052
471.4156
471.4282
471.4384
471.4507
471.461
471.4716
471.4827
471.4954
471.5058
471.5167
471.5287
471.54
471.5509
471.5622
471.5726
471.5836
471.5946
471.6067
471.6175
471.6285
471.6393
471.6508
471.6617
471.6724
471.6834
471.6952
471.7059
471.7171
471.7281
471.739
471.7506
471.7618
471.7724
471.7836
471.7953
471.8058
471.817
471.828
471.8391
471.851
471.8629
471.8744
471.8857
471.8962
471.9074
471.9192
471.9293
471.9408
471.9521
471.963
471.9745
471.9853
471.9963
472.0076
472.0184
472.0303
472.0409
472.0518
472.0629
472.0744
472.0859
472.0963
472.1076
472.1184
472.1297
472.1409
472.1519
472.163
472.1741
472.188
472.1993
472.21
472.2211
472.232
472.2437
472.2545
472.266
472.2771
472.2884
472.3
472.3105
472.3219
472.3326
472.3445
472.3543
472.3654
472.3767
472.3889
472.3992
472.4101
472.4219
472.4332
472.4435
472.4545
472.4654
472.478
472.4884
472.4996
472.5107
472.5213
472.5323
472.5438
472.5549
472.5652
472.5768
472.5874
472.5996
472.6107
472.6217
472.6327
472.6439
472.6547
472.6656
472.6769
472.6886
472.6992
472.7105
472.7214
472.7338
472.743
472.7551
472.7652
472.7765
472.7875
472.7995
472.8107
472.8213
472.8324
472.8441
472.8542
472.8652
472.8764
472.8883
472.8994
472.9106
472.9215
472.9329
472.9438
472.955
472.9653
472.9769
472.9873
472.9994
473.0106
473.0216
473.0324
473.0437
473.0547
473.0656
473.0766
473.0885
473.0995
473.1105
473.1222
473.1323
473.1437
473.1548
473.1651
473.1775
473.1884
473.1991
473.2104
473.2216
473.235
473.246
473.254
473.265
473.2774
473.2881
473.2994
473.3106
473.3215
473.3321
473.3435
473.3546
473.3653
473.3763
473.3887
473.3992
473.4107
473.4214
473.4331
473.4428
473.4538
473.4658
473.4763
473.4875
473.4994
473.5111
473.5217
473.5323
473.5459
473.5576
473.5657
473.5765
473.5877
473.5992
473.6104
473.6216
473.6323
473.6438
473.6542
473.6653
473.677
473.6878
473.6985
473.7111
473.7216
473.7324
473.7436
473.7546
473.7661
473.778
473.7883
473.7991
473.8107
473.8214
473.8322
473.8431
473.8543
473.8663
473.8776
473.8882
473.8986
473.9094
473.9216
473.9328
473.9437
473.9546
473.9654
473.9772
473.9883
473.9992
474.0105
474.0217
474.0321
474.0439
474.0542
474.0662
474.0774
474.0885
474.0999
474.1099
474.1211
474.1319
474.1432
474.1546
474.1652
474.1761
474.1884
474.1994
474.2106
474.2214
474.2325
474.2437
474.2547
474.2662
474.2764
474.2882
474.2997
474.3109
474.3244
474.3362
474.3438
474.3541
474.3662
474.3766
474.3881
474.3996
474.4105
474.4215
474.4324
474.4427
474.4543
474.4654
474.4785
474.4879
474.4994
474.5104
474.522
474.5323
474.5436
474.5543
474.5655
474.5773
474.5886
474.5991
474.6101
474.6217
474.6318
474.6429
474.6543
474.6664
474.6771
474.6877
474.6996
474.7104
474.7215
474.7323
474.7431
474.7544
474.7654
474.7772
474.7885
474.7995
474.8104
474.8218
474.8322
474.8432
474.8544
474.8657
474.8761
474.8874
474.8998
474.9107
474.9217
474.9325
474.9434
474.9542
474.9653
474.9761
474.9885
474.9995
475.0103
475.022
475.0327
475.0435
475.0547
475.0662
475.0771
475.0881
475.0987
475.1097
475.1218
475.1326
475.144
475.1547
475.1653
475.1764
475.1875
475.1996
475.2104
475.222
475.2325
475.2437
475.2547
475.2654
475.2761
475.2885
475.2985
475.3104
475.3217
475.3328
475.3439
475.3548
475.3659
475.3766
475.3876
475.3995
475.4107
475.4215
475.4321
475.443
475.4544
475.4657
475.4767
475.4879
475.4986
475.5097
475.5222
475.5323
475.5433
475.5543
475.5654
475.5762
475.5885
475.5986
475.6121
475.6209
475.6325
475.6437
475.6543
475.6654
475.6772
475.6879
475.6985
475.7107
475.7216
475.7322
475.7432
475.7546
475.7653
475.7763
475.788
475.7994
475.8108
475.8213
475.8321
475.8432
475.8544
475.8653
475.876
475.8883
475.899
475.9103
475.9218
475.9316
475.943
475.9542
475.9659
475.9762
475.9874
475.9989
476.0098
476.0214
476.0322
476.044
476.0549
476.0663
476.0764
476.0875
476.0984
476.1098
476.1219
476.1325
476.1437
476.1547
476.1652
476.1773
476.1884
476.199
476.2102
476.2217
476.2321
476.2432
476.2543
476.265
476.2773
476.2884
476.2998
476.3103
476.3215
476.3326
476.346
476.3572
476.3657
476.3768
476.3878
476.3996
476.4105
476.4214
476.4321
476.4437
476.4545
476.4652
476.4763
476.489
476.4995
476.5105
476.5218
476.5323
476.5433
476.5542
476.5653
476.5763
476.5889
476.5994
476.6104
476.6216
476.6323
476.6435
476.6546
476.6655
476.6767
476.6885
476.6989
476.7104
476.7218
476.7325
476.7435
476.7546
476.7651
476.7771
476.7883
476.7997
476.8105
476.8214
476.8326
476.8435
476.8546
476.8653
476.8771
476.8881
476.8991
476.9102
476.9216
476.9322
476.9434
476.9557
476.9666
476.9763
476.9877
476.9987
477.0103
477.0215
477.0321
477.0432
477.0546
477.0661
477.0766
477.0877
477.0991
477.1103
477.1216
477.132
477.1433
477.1549
477.1651
477.1765
477.1885
477.2013
477.2101
477.2215
477.2322
477.2442
477.2546
477.2653
477.277
477.2886
477.2995
477.311
477.3214
477.3321
477.3432
477.3553
477.3662
477.3771
477.3884
477.3995
477.4103
477.4218
477.4328
477.4434
477.455
477.4657
477.4762
477.4888
477.4995
477.5105
477.5218
477.5325
477.5436
477.5549
477.566
477.5764
477.5885
477.5992
477.6105
477.6219
477.6322
477.6435
477.6547
477.6652
477.6765
477.6894
477.6986
477.7097
477.7224
477.7329
477.7437
477.755
477.7657
477.7768
477.7882
477.7995
477.8119
477.8216
477.8328
477.8434
477.8542
477.8663
477.877
477.8886
477.8999
477.91
477.9218
477.9322
477.9432
477.9547
477.9651
477.9762
477.9888
477.9995
478.0107
478.0221
478.0326
478.0433
478.0545
478.0651
478.0787
478.088
478.0992
478.1103
478.1213
478.1322
478.1434
478.1543
478.1653
478.1769
478.1884
478.199
478.2101
478.2213
478.232
478.2429
478.2542
478.2664
478.2768
478.2883
478.2989
478.3099
478.3213
478.3321
478.3436
478.3543
478.366
478.3769
478.3885
478.399
478.41
478.4216
478.4319
478.4431
478.4548
478.4657
478.4768
478.4884
478.4991
478.5101
478.5212
478.5322
478.543
478.5546
478.5659
478.5761
478.5886
478.5991
478.6103
478.6215
478.632
478.643
478.6547
478.6651
478.6767
478.6888
478.699
478.7098
478.7211
478.7331
478.7425
478.7553
478.766
478.7763
478.7875
478.7992
478.8112
478.8211
478.8322
478.8429
478.8542
478.8662
478.8767
478.8881
478.899
478.91
478.9215
478.9319
478.9431
478.9541
478.9652
478.9773
478.9886
478.999
479.0107
479.0211
479.0323
479.043
479.0542
479.0651
479.0764
479.0891
479.0989
479.1102
479.1219
479.1326
479.1429
479.1543
479.165
479.1761
479.1888
479.1994
479.2101
479.2214
479.2322
479.2432
479.2544
479.2652
479.2761
479.2891
479.299
479.3105
479.3215
479.3323
479.3432
479.3543
479.3651
479.3771
479.3879
479.3994
479.4105
479.4219
479.4316
479.4429
479.455
479.4663
479.4768
479.488
479.4991
479.5099
479.5211
479.532
479.5432
479.5541
479.5659
479.5769
479.5884
479.5991
479.6101
479.6217
479.6323
479.6431
479.6541
479.6653
479.676
479.6882
479.6996
479.7104
479.7212
479.7321
479.7431
479.7542
479.7649
479.7763
479.7876
479.799
479.8105
479.8215
479.832
479.8433
479.8543
479.8658
479.8765
479.8879
479.8992
479.9098
479.9208
479.9316
479.9439
479.954
479.9651
479.9772
479.9883
479.9982
480.0107
480.0213
480.0319
480.043
480.0544
480.0651
480.077
480.0886
480.0991
480.1104
480.1211
480.1334
480.143
480.1543
480.1652
480.177
480.1879
480.1989
480.2112
480.2212
480.2319
480.2433
480.2542
480.265
480.277
480.288
480.299
480.3104
480.321
480.3575
480.3655
480.377
480.3881
480.3993
480.4101
480.4213
480.4323
480.4433
480.4542
480.4654
480.4763
480.4882
480.4993
480.5107
480.5213
480.5323
480.5433
480.5541
480.565
480.5772
480.5883
480.599
480.6105
480.6211
480.6321
480.6433
480.6541
480.6652
480.6763
480.6882
480.7
480.7104
480.7214
480.7321
480.7433
480.7542
480.7654
480.7768
480.7884
480.7982
480.8098
480.8226
480.8322
480.8432
480.8542
480.865
480.8773
480.8882
480.8995
480.9105
480.9214
480.9324
480.9434
480.9541
480.9651
480.9775
480.9869
480.9985
481.01
481.0215
481.0323
481.043
481.054
481.0657
481.0765
481.0873
481.0991
481.1104
481.1213
481.1328
481.1436
481.154
481.166
481.1762
481.1881
481.1982
481.2109
481.2213
481.2324
481.2431
481.2542
481.266
481.2771
481.2881
481.2982
481.3106
481.3206
481.332
481.3431
481.355
481.3657
481.377
481.3881
481.3983
481.4108
481.4214
481.4323
481.443
481.454
481.4661
481.477
481.4881
481.499
481.5103
481.5214
481.5325
481.5439
481.5547
481.5667
481.5769
481.5881
481.5993
481.6103
481.6215
481.6321
481.6438
481.6556
481.6663
481.678
481.6886
481.6992
481.7109
481.7219
481.7329
481.7441
481.7549
481.7655
481.7773
481.7884
481.8006
481.8104
481.8223
481.8322
481.8445
481.8554
481.8661
481.8781
481.8887
481.8997
481.911
481.9219
481.9328
481.9441
481.955
481.9653
481.9767
481.9876
481.9994
482.0107
482.0217
482.0323
482.0435
482.0547
482.0659
482.0772
482.0882
482.0996
482.1103
482.1212
482.1323
482.1444
482.1553
482.1662
482.1779
482.1881
482.199
482.2105
482.2216
482.232
482.2433
482.2556
482.2662
482.2773
482.2887
482.2991
482.3106
482.3215
482.3322
482.3433
482.3553
482.3663
482.3779
482.3884
482.3996
482.4113
482.4221
482.4334
482.4449
482.4554
482.466
482.4774
482.4882
482.5001
482.511
482.5218
482.5327
482.5441
482.5556
482.5665
482.5775
482.5885
482.6
482.6102
482.6216
482.6324
482.6432
482.6555
482.666
482.6776
482.6882
482.6991
482.7108
482.7216
482.7328
482.7441
482.755
482.7659
482.777
482.7885
482.7992
482.8103
482.8214
482.8322
482.8432
482.8557
482.8665
482.8768
482.888
482.8987
482.9102
482.922
482.9322
482.9434
482.9544
482.9665
482.9768
482.9883
482.999
483.0098
483.0218
483.0323
483.0435
483.0544
483.0665
483.0773
483.0883
483.0996
483.1107
483.1215
483.1326
483.1434
483.1547
483.1655
483.1767
483.1886
483.199
483.2104
483.221
483.233
483.2439
483.2552
483.2659
483.2769
483.2885
483.2994
483.3106
483.3212
483.3338
483.3437
483.3554
483.3661
483.3772
483.3882
483.3991
483.4104
483.4213
483.4323
483.444
483.455
483.466
483.4772
483.4883
483.5024
483.5126
483.5209
483.5323
483.5442
483.555
483.5663
483.577
483.5881
483.5991
483.6103
483.6214
483.6324
483.6434
483.6554
483.6665
483.6767
483.6888
483.6993
483.7105
483.722
483.7327
483.7434
483.7547
483.7659
483.7766
483.7884
483.8
483.8108
483.8215
483.8327
483.8432
483.8542
483.8666
483.8784
483.8878
483.8993
483.9102
483.9212
483.9335
483.9442
483.9545
483.9656
483.9772
483.9886
483.9996
484.0106
484.0214
484.0323
484.0432
484.0553
484.0664
484.0773
484.0887
484.0995
484.1108
484.1216
484.1321
484.1431
484.1552
484.1662
484.1771
484.1894
484.1992
484.2102
484.2213
484.2324
484.244
484.2552
484.2665
484.2771
484.2882
484.2995
484.3102
484.3212
484.3322
484.3442
484.3554
484.3663
484.3765
484.3879
484.4
484.4109
484.422
484.4332
484.4441
484.4551
484.4663
484.4766
484.488
484.4998
484.5107
484.5215
484.5331
484.5432
484.5544
484.5668
484.5772
484.5879
484.5996
484.6106
484.6212
484.6325
484.6436
484.6544
484.6664
484.677
484.688
484.6993
484.7101
484.7213
484.7338
484.744
484.7549
484.7664
484.7775
484.7882
484.7996
484.8104
484.8213
484.8321
484.844
484.8554
484.8661
484.8773
484.8887
484.8993
484.9106
484.9216
484.9326
484.9434
484.9548
484.9657
484.9771
484.9883
484.9992
485.0101
485.0213
485.0321
485.044
485.0551
485.0659
485.0772
485.0887
485.0988
485.1101
485.1213
485.1326
485.1436
485.1549
485.1659
485.177
485.1884
485.1995
485.2101
485.2213
485.2322
485.2436
485.2552
485.2661
485.2765
485.288
485.2995
485.3102
485.3212
485.3322
485.3441
485.3555
485.3666
485.3771
485.388
485.401
485.4097
485.4213
485.4335
485.4438
485.4549
485.4662
485.477
485.4883
485.499
485.5101
485.5212
485.5333
485.544
485.5551
485.5662
485.5769
485.5882
485.599
485.61
485.6214
485.6331
485.644
485.6549
485.6662
485.6768
485.688
485.6991
485.7103
485.7212
485.7326
485.7442
485.7547
485.7656
485.7777
485.788
485.7988
485.81
485.8227
485.8328
485.8434
485.8545
485.8671
485.8772
485.8882
485.899
485.9101
485.9212
485.9319
485.9442
485.9552
485.9661
485.9771
485.9883
485.999
486.0101
486.0213
486.0323
486.0432
486.0545
486.0673
486.0769
486.0884
486.0994
486.1105
486.1212
486.1323
486.1432
486.1552
486.1663
486.1775
486.1884
486.1992
486.2102
486.2216
486.2322
486.2432
486.2552
486.2661
486.2772
486.2882
486.2992
486.3103
486.3213
486.3323
486.3431
486.3553
486.3661
486.377
486.3881
486.3991
486.4104
486.4212
486.432
486.4442
486.4552
486.4659
486.4771
486.4883
486.4997
486.51
486.5212
486.5329
486.5439
486.5555
486.5659
486.577
486.5881
486.6001
486.6096
486.622
486.6322
486.6437
486.6546
486.666
486.6769
486.6888
486.6996
486.711
486.7216
486.7323
486.7437
486.7548
486.766
486.7768
486.7878
486.7993
486.8107
486.8214
486.8325
486.8432
486.8546
486.8654
486.877
486.888
486.8989
486.9115
486.9209
486.9334
486.9438
486.955
486.9659
486.977
486.9884
486.9987
487.01
487.0211
487.0324
487.0435
487.0546
487.0656
487.0771
487.088
487.099
487.1099
487.122
487.1324
487.1434
487.1545
487.1657
487.177
487.1881
487.1991
487.2103
487.2211
487.2324
487.2435
487.2551
487.2654
487.2768
487.2881
487.2986
487.3111
487.3218
487.3327
487.3435
487.3547
487.3654
487.3763
487.3884
487.399
487.4116
487.421
487.4326
487.4438
487.455
487.4657
487.4772
487.4879
487.4991
487.51
487.522
487.5325
487.5435
487.5551
487.5663
487.5766
487.5882
487.5993
487.6112
487.6221
487.6328
487.6445
487.6548
487.666
487.6773
487.6883
487.7
487.7112
487.7227
487.7328
487.7441
487.7555
487.7664
487.7769
487.7884
487.8008
487.8109
487.8223
487.8327
487.8437
487.8549
487.866
487.8773
487.889
487.8997
487.9112
487.9231
487.9323
487.9435
487.9559
487.966
487.9769
487.9886
487.9995
488.011
488.0221
488.0326
488.0439
488.0551
488.0676
488.0772
488.0887
488.0992
488.1105
488.1222
488.1325
488.1437
488.1556
488.1666
488.1777
488.1892
488.1994
488.2104
488.222
488.2332
488.2446
488.2555
488.2676
488.2768
488.2883
488.2995
488.3105
488.3225
488.3331
488.3444
488.3555
488.3662
488.3773
488.3884
488.3993
488.4102
488.4224
488.4333
488.444
488.4557
488.4661
488.477
488.4885
488.4991
488.5103
488.522
488.5327
488.5437
488.5547
488.5659
488.5769
488.5883
488.6004
488.6111
488.6221
488.633
488.6443
488.6551
488.666
488.6768
488.6893
488.7
488.7112
488.7231
488.7325
488.7436
488.7547
488.766
488.7776
488.7888
488.7996
488.8107
488.8218
488.8322
488.8446
488.8554
488.8665
488.8775
488.8886
488.8994
488.9103
488.9226
488.9333
488.9466
488.9576
488.9663
488.9771
488.9883
488.9993
489.0102
489.0222
489.0327
489.0438
489.055
489.0656
489.0776
489.0887
489.0993
489.1107
489.1218
489.1322
489.1433
489.1558
489.1666
489.1769
489.1882
489.199
489.2101
489.2224
489.2326
489.2437
489.2547
489.2658
489.2772
489.2877
489.2988
489.311
489.3224
489.333
489.3441
489.3553
489.3658
489.377
489.3888
489.3994
489.4101
489.4213
489.4322
489.4443
489.4553
489.4677
489.4768
489.4882
489.4999
489.5106
489.5216
489.5329
489.5437
489.5546
489.5657
489.5776
489.5879
489.5992
489.6105
489.6216
489.6324
489.6445
489.6556
489.666
489.6777
489.6884
489.6991
489.7104
489.7223
489.7327
489.7443
489.7555
489.7665
489.7774
489.7885
489.7997
489.8103
489.8221
489.8325
489.8436
489.8545
489.8668
489.8773
489.8883
489.899
489.9102
489.9218
489.9331
489.9439
489.9555
489.9661
489.977
489.9881
490
490.0107
490.0226
490.0332
490.0442
490.0553
490.0662
490.078
490.0882
490.0992
490.1108
490.1212
490.1326
490.144
490.155
490.1658
490.178
490.1889
490.199
490.2102
490.2226
490.2344
490.2439
490.2555
490.2664
490.2772
490.2883
490.2993
490.3117
490.3209
490.3582
490.3668
490.3776
490.3885
490.3991
490.4104
490.4215
490.4328
490.4437
490.4548
490.4656
490.4769
490.4887
490.4999
490.5111
490.5219
490.5325
490.544
490.5548
490.5656
490.5782
490.5889
490.5995
490.6107
490.6216
490.6326
490.6437
490.6546
490.6656
490.6778
490.6893
490.6991
490.7107
490.7213
490.7327
490.7436
490.7554
490.7664
490.7775
490.7884
490.8
490.8106
490.8214
490.8323
490.8448
490.8553
490.8661
490.8773
490.8879
490.8987
490.9114
490.9231
490.9326
490.9442
490.955
490.9656
490.977
490.9888
490.9996
491.011
491.0215
491.033
491.0436
491.0547
491.0667
491.0773
491.0886
491.0995
491.1107
491.1215
491.1325
491.1435
491.1554
491.1664
491.177
491.1883
491.1994
491.2104
491.2214
491.2324
491.2446
491.2554
491.2664
491.2771
491.2881
491.2995
491.3107
491.3214
491.3328
491.344
491.3549
491.3657
491.3777
491.3885
491.3994
491.4102
491.4217
491.4327
491.444
491.455
491.4656
491.4767
491.4889
491.5002
491.5101
491.5221
491.5327
491.5442
491.555
491.5659
491.577
491.5887
491.599
491.6112
491.6223
491.6328
491.644
491.6551
491.6663
491.6768
491.6881
491.6995
491.7109
491.7221
491.733
491.744
491.7551
491.7661
491.7779
491.788
491.799
491.8109
491.8221
491.8331
491.8445
491.8552
491.8662
491.8771
491.8883
491.8991
491.9104
491.9217
491.9323
491.9433
491.9557
491.9665
491.977
491.9879
491.999
492.0139
492.0226
492.0338
492.0449
492.0558
492.0669
492.0777
492.0882
492.1001
492.1114
492.1226
492.1334
492.1448
492.1544
492.1653
492.176
492.1872
492.1992
492.21
492.2213
492.2323
492.2427
492.2538
492.2652
492.2758
492.2881
492.2983
492.3094
492.3216
492.3323
492.3431
492.3547
492.3652
492.3762
492.3874
492.3992
492.4102
492.421
492.4317
492.4428
492.4541
492.4652
492.4763
492.4875
492.4992
492.51
492.5209
492.5319
492.5429
492.554
492.5655
492.5761
492.5872
492.599
492.6096
492.6201
492.6319
492.6425
492.6535
492.6652
492.6755
492.6867
492.698
492.7088
492.7209
492.7318
492.743
492.754
492.765
492.7755
492.7867
492.798
492.8089
492.821
492.8331
492.843
492.854
492.8651
492.8762
492.8871
492.8985
492.9096
492.9202
492.9313
492.9422
492.9546
492.9655
492.9763
492.9888
492.9976
493.0089
493.0204
493.0323
493.0429
493.0544
493.0668
493.0757
493.0878
493.0981
493.11
493.1201
493.1322
493.1435
493.1543
493.1651
493.1761
493.187
493.198
493.2094
493.2211
493.232
493.2426
493.254
493.2649
493.2759
493.2875
493.299
493.3102
493.3201
493.3319
493.3426
493.3538
493.3648
493.377
493.3871
493.3987
493.4101
493.4211
493.4326
493.4435
493.4555
493.4653
493.4765
493.4879
493.4988
493.5096
493.5218
493.5331
493.5433
493.5545
493.5652
493.576
493.587
493.598
493.6088
493.6197
493.6318
493.6424
493.6532
493.6641
493.6749
493.6861
493.6979
493.7098
493.72
493.7313
493.7421
493.7527
493.7652
493.7757
493.7869
493.7974
493.8085
493.8195
493.8306
493.842
493.8531
493.8637
493.8749
493.8862
493.8969
493.9083
493.92
493.9306
493.9417
493.953
493.9636
493.9748
493.9869
493.998
494.0092
494.0207
494.032
494.0427
494.0538
494.065
494.0759
494.0876
494.0998
494.1094
494.1204
494.1317
494.1428
494.1539
494.1646
494.184
494.2064
494.2148
494.224
494.2332
494.2423
494.2515
494.2626
494.2731
494.2849
494.2954
494.3066
494.318
494.3288
494.3399
494.3513
494.3624
494.3731
494.3844
494.3955
494.4067
494.4178
494.4289
494.4417
494.4509
494.4622
494.4731
494.4845
494.4957
494.5065
494.5189
494.5286
494.5399
494.5517
494.5623
494.5735
494.5844
494.5941
494.6049
494.6159
494.6269
494.638
494.6499
494.6595
494.6716
494.6819
494.693
494.704
494.7149
494.7256
494.7369
494.7495
494.7593
494.7701
494.7811
494.7923
494.8033
494.8141
494.8252
494.8364
494.8473
494.8593
494.8703
494.8806
494.8919
494.9041
494.914
494.9254
494.9363
494.9475
494.9595
494.9694
494.981
494.9927
495.0031
495.0141
495.0244
495.0362
495.0479
495.0587
495.0699
495.0798
495.0915
495.1036
495.1146
495.1255
495.1358
495.1468
495.1583
495.1698
495.1799
495.1916
495.2033
495.2141
495.2252
495.2357
495.2474
495.2587
495.2696
495.2805
495.2913
495.3031
495.3141
495.3251
495.3355
495.3464
495.3592
495.3697
495.3803
495.3922
495.4034
495.4143
495.4253
495.437
495.4473
495.4584
495.4695
495.4799
495.4924
495.5034
495.5144
495.5255
495.5366
495.5473
495.5584
495.5688
495.5809
495.5919
495.6035
495.6141
495.6243
495.6366
495.6474
495.6584
495.6702
495.6807
495.6918
495.703
495.7138
495.725
495.7353
495.7464
495.7586
495.7696
495.7821
495.7912
495.8031
495.8142
495.8251
495.8355
495.8465
495.8592
495.8693
495.8798
495.8913
495.9028
495.913
495.9243
495.9378
495.9475
495.9583
495.97
495.9804
495.9919
496.003
496.0139
496.025
496.0359
496.0477
496.0588
496.0698
496.08
496.0925
496.1038
496.114
496.1255
496.136
496.1463
496.1583
496.1693
496.1815
496.1911
496.203
496.213
496.2246
496.2369
496.2484
496.2585
496.2697
496.2806
496.2915
496.302
496.3147
496.3262
496.3365
496.3477
496.3589
496.3697
496.3803
496.3921
496.4031
496.4142
496.4253
496.4364
496.4472
496.4582
496.4698
496.4806
496.4914
496.5031
496.5143
496.5252
496.5362
496.5473
496.5583
496.5693
496.5805
496.5925
496.6034
496.614
496.6241
496.6352
496.648
496.6591
496.6696
496.6804
496.6916
496.7036
496.7144
496.7256
496.7365
496.7472
496.7576
496.7696
496.7806
496.7925
496.8032
496.8144
496.8253
496.8365
496.8481
496.8576
496.8694
496.8805
496.8922
496.9032
496.9142
496.9252
496.9361
496.9464
496.9581
496.9695
496.9803
496.9914
497.0034
497.0138
497.0248
497.0373
497.0477
497.0589
497.0692
497.0814
497.0924
497.1035
497.1143
497.1252
497.1365
497.1473
497.1576
497.169
497.1806
497.1916
497.2029
497.2141
497.2248
497.2366
497.2476
497.26
497.2695
497.2803
497.2921
497.3031
497.314
497.3251
497.3362
497.3466
497.3583
497.3697
497.3806
497.3916
497.4029
497.4131
497.4259
497.4367
497.4477
497.4588
497.4697
497.4803
497.4919
497.5031
497.5141
497.5258
497.5358
497.5466
497.5582
497.5686
497.5798
497.5923
497.6033
497.6142
497.6252
497.6364
497.6472
497.6584
497.6696
497.6812
497.6913
497.7034
497.7144
497.7255
497.7366
497.7473
497.7586
497.7695
497.7805
497.7913
497.8028
497.8139
497.8256
497.8351
497.8479
497.859
497.8697
497.8806
497.8918
497.9028
497.9137
497.9248
497.9362
497.9472
497.9583
497.9694
497.9801
497.9924
498.0038
498.0143
498.0254
498.0364
498.0473
498.0583
498.0692
498.0798
498.092
498.1031
498.1142
498.1256
498.1361
498.1465
498.1591
498.1695
498.1804
498.191
498.2025
498.2141
498.2251
498.236
498.2466
498.2592
498.2696
498.2805
498.2916
498.3026
498.3138
498.3242
498.3359
498.348
498.3591
498.3695
498.3807
498.3916
498.403
498.4148
498.4249
498.436
498.4471
498.4582
498.4696
498.4806
498.4911
498.5031
498.5139
498.525
498.536
498.5463
498.5582
498.57
498.5804
498.5923
498.6031
498.614
498.6252
498.636
498.6466
498.6581
498.6694
498.6805
498.6916
498.7028
498.7138
498.7248
498.7362
498.7472
498.7583
498.7696
498.7806
498.7912
498.8029
498.8131
498.8247
498.8378
498.8469
498.8584
498.8701
498.881
498.8907
498.9025
498.9142
498.9251
498.9361
498.9471
498.9582
498.9691
498.9807
498.9916
499.0028
499.0143
499.0254
499.0376
499.0471
499.0583
499.0693
499.0797
499.0921
499.103
499.114
499.1251
499.1362
499.1465
499.1584
499.1694
499.1805
499.1933
499.2024
499.2146
499.2256
499.2365
499.2472
499.2577
499.2712
499.2801
499.2915
499.3021
499.3147
499.325
499.3361
499.347
499.3581
499.3696
499.3806
499.3908
499.4024
499.4142
499.4251
499.4362
499.4471
499.4597
499.4689
499.4808
499.4919
499.5029
499.5138
499.5243
499.536
499.547
499.5586
499.5699
499.5808
499.5918
499.6028
499.6139
499.6248
499.6367
499.6478
499.6584
499.6699
499.6807
499.6919
499.7025
499.7141
499.725
499.7363
499.7476
499.7581
499.7696
499.7805
499.7917
499.8039
499.8134
499.8252
499.8362
499.8483
499.8582
499.8706
499.8812
499.8921
499.9051
499.9142
499.9258
499.9375
499.9473
499.9603
499.9703
499.9822
499.9928
500.0046
500.0128
500.0252
500.0353
500.0469
500.0585
500.0697
500.0822
500.0912
500.1029
500.1139
500.125
500.1355
500.147
500.1596
500.1698
500.181
500.1923
500.203
500.2141
500.2247
500.237
500.2467
500.2591
500.2695
500.2824
500.2912
500.3028
500.3136
500.3254
500.3605
500.3667
500.3722
500.3805
500.3916
500.4025
500.4136
500.4257
500.4365
500.4476
500.4586
500.4695
500.4803
500.4913
500.5031
500.5139
500.5249
500.5357
500.549
500.5603
500.5693
500.5815
500.5942
500.6027
500.6141
500.6261
500.6363
500.6503
500.6595
500.6719
500.6819
500.6926
500.7047
500.7154
500.7272
500.7375
500.7493
500.759
500.771
500.7821
500.7911
500.8033
500.8172
500.8293
500.8388
500.8492
500.8584
500.8704
500.8806
500.8958
500.9055
500.9142
500.9263
500.9363
500.9474
500.9583
500.9694
500.981
500.992
501.0044
501.0137
501.0249
501.0361
501.0463
501.0579
501.0691
501.0812
501.0921
501.1032
501.1141
501.1251
501.1364
501.1474
501.1575
501.1695
501.1805
501.1921
501.2031
501.2141
501.2251
501.2363
501.2471
501.2574
501.2694
501.2804
501.2924
501.3031
501.3149
501.3258
501.3365
501.3501
501.3581
501.3709
501.3831
501.3935
501.4036
501.4155
501.4267
501.4403
501.4466
501.4587
501.4733
501.4815
501.4924
501.5037
501.5144
501.5254
501.5367
501.5468
501.558
501.5686
501.5811
501.5921
501.6031
501.614
501.6251
501.636
501.6471
501.6595
501.6693
501.6806
501.6917
501.703
501.713
501.7242
501.7368
501.7478
501.7588
501.7699
501.7812
501.7922
501.8031
501.8141
501.825
501.836
501.847
501.8575
501.8695
501.8807
501.8919
501.9025
501.9137
501.9243
501.9367
501.9478
501.9588
501.9697
501.9812
501.9922
502.0033
502.0148
502.0254
502.0378
502.0476
502.0586
502.0692
502.0798
502.0913
502.1034
502.1144
502.125
502.136
502.1469
502.1592
502.1696
502.1806
502.1911
502.2027
502.2132
502.2247
502.2359
502.2479
502.2589
502.2695
502.2821
502.2925
502.3051
502.3165
502.3286
502.3373
502.3472
502.36
502.37
502.3835
502.3928
502.4052
502.4153
502.4255
502.4366
502.4477
502.4586
502.4695
502.4806
502.4912
502.503
502.5138
502.5248
502.5368
502.546
502.559
502.5694
502.5802
502.5909
502.6028
502.6139
502.6255
502.6364
502.6475
502.6584
502.6695
502.6807
502.692
502.7029
502.7137
502.7254
502.7364
502.7475
502.7586
502.7691
502.7819
502.7918
502.8031
502.8141
502.8251
502.836
502.847
502.8574
502.8694
502.8813
502.8923
502.9028
502.9136
502.9263
502.9355
502.9462
502.9576
502.9695
502.981
502.9906
503.002
503.0145
503.0251
503.0363
503.0471
503.0581
503.07
503.0811
503.092
503.1031
503.1141
503.1263
503.1358
503.147
503.158
503.1694
503.1801
503.1914
503.2022
503.2144
503.2248
503.2362
503.2485
503.2581
503.2686
503.2802
503.2921
503.303
503.3139
503.325
503.3381
503.3474
503.3586
503.3699
503.3806
503.3915
503.402
503.4136
503.4256
503.4365
503.4476
503.4597
503.4685
503.4811
503.4914
503.5029
503.5139
503.5247
503.5357
503.5468
503.559
503.5696
503.5805
503.5916
503.6024
503.6135
503.6255
503.6367
503.6476
503.6586
503.6694
503.6804
503.6916
503.7025
503.714
503.7251
503.7362
503.747
503.7581
503.769
503.7806
503.7917
503.8026
503.8131
503.8242
503.8364
503.8473
503.8581
503.8701
503.8802
503.8922
503.9028
503.9137
503.9252
503.9364
503.9474
503.9583
503.9693
503.9805
503.9943
504.0024
504.016
504.0266
504.0393
504.0479
504.0594
504.0695
504.08
504.0924
504.1035
504.1143
504.1253
504.1362
504.1471
504.1583
504.1712
504.1817
504.1909
504.2026
504.2129
504.2262
504.2381
504.2483
504.2607
504.274
504.293
504.2994
504.3057
504.3151
504.3269
504.3363
504.3489
504.3581
504.3709
504.3814
504.3925
504.4045
504.4153
504.4262
504.4369
504.4477
504.4615
504.4699
504.4823
504.5049
504.5105
504.5175
504.5254
504.5363
504.5491
504.5579
504.5701
504.581
504.5927
504.6031
504.6143
504.6249
504.6364
504.6492
504.6592
504.6699
504.6817
504.6922
504.7031
504.7152
504.7248
504.7375
504.7496
504.7591
504.771
504.7822
504.7928
504.8047
504.8142
504.8271
504.8362
504.8491
504.8593
504.8694
504.8821
504.8938
504.9034
504.9143
504.9268
504.9355
504.9465
504.9589
504.9714
504.9802
504.9933
505.0164
505.0223
505.0282
505.0364
505.0463
505.058
505.0697
505.0797
505.0918
505.1038
505.1133
505.1242
505.1352
505.1459
505.157
505.1701
505.1793
505.1941
505.2024
505.2132
505.2239
505.2354
505.2458
505.257
505.2691
505.2794
505.2909
505.3025
505.321
505.3397
505.3452
505.3512
505.3572
505.3692
505.3793
505.3903
505.4015
505.4208
505.4208
577.5636
603.1247
609.3445
615.4896
636.201
643.1245
649.3483
653.8811
657.6266
677.4288
 
