2023-06-28T12:03:48Z
 
Index Time Taken
492 643.046
409 654.4084
1715 657.2303
3200 665.2258
1276 668.6586
1079 674.2036
3176 678.0666
217 681.4438
960 684.7445
3196 688.6074
1837 688.6189
1001837 692.2407
3128 698.6402
2967 702.1257
3521 704.6475
3323 714.5463
387 723.4467
3134 729.3975
2878 743.9055
823 750.3671
2483 756.7021
1894 756.713
1001894 760.6575
2195 767.1461
1670 770.3459
1489 776.261
1988 785.1051
1423 788.2242
1881 794.5237
2540 805.1013
914 812.2233
2618 819.9998
999999999 824.7447
 
