2023-06-28T11:53:53Z
 
Index Time Taken
1423 35.48823
1881 44.56027
2540 50.30558
914 58.23816
2618 66.26704
492 70.08879
409 79.06642
1715 84.42233
3200 89.88587
1276 100.5305
1079 100.5405
1001079 103.6775
3176 107.8889
217 114.0879
960 117.8666
3196 120.9669
1837 125.0665
3128 129.4391
2967 137.562
3521 151.3815
3323 158.4652
387 158.476
1000387 162.0535
3134 166.5208
2878 175.6193
823 192.8655
2483 197.5644
1894 200.8087
2195 206.8643
1670 210.1665
1489 218.0863
1988 224.2867
999999999 230.0197
 
