2023-06-29T16:21:05Z
 
Index Time Taken
387 890.5939
3134 965.0159
2878 995.1489
823 1008.554
2483 1020.673
1894 1032.538
2195 1041.95
1670 1051.548
1489 1060.821
1988 1068.257
1423 1068.264
1001423 1077.257
1881 1087.848
2540 1095.955
914 1105.338
2618 1119.605
492 1128.294
409 1136.531
1715 1144.656
3200 1156.111
1276 1164.772
1079 1164.783
1001079 1172.901
3176 1182.073
217 1197.244
960 1206.292
3196 1211.992
1837 1222.793
3128 1233.046
2967 1240.45
3521 1248.162
3323 1260.033
999999999 1267.264
 
