2023-07-12T17:03:37Z
 
Index TimeTaken
1894 304.8949
2195 328.9818
1670 334.9531
1489 339.7589
1988 345.7823
1423 351.0114
1881 351.0205
1001881 367.0012
2540 372.5131
914 379.8523
2618 386.1995
492 391.4592
409 395.2879
1715 395.2964
1001715 411.2448
3200 418.2063
1276 424.7422
1079 428.9041
3176 438.761
217 447.0236
960 447.0341
1000960 462.6555
3196 466.8701
1837 472.0873
3128 476.7017
2967 481.6456
3521 487.6168
3323 487.6274
1003323 502.8434
387 507.7207
3134 516.1371
2878 522.1926
823 528.83
2483 533.823
999999999 537.9993
